[gd_scene load_steps=11 format=3 uid="uid://imceply230pp"]

[ext_resource type="PackedScene" uid="uid://d2vyal2h88f5e" path="res://Planets/earth.tscn" id="2_0h8gc"]
[ext_resource type="Script" path="res://Menu/MenuPlanet.gd" id="2_7d0fl"]
[ext_resource type="Texture2D" uid="uid://ios8c7bseiai" path="res://Sprites/Skybox/main-skybox.png" id="9_ynspi"]
[ext_resource type="Script" path="res://Environment.gd" id="10_50364"]

[sub_resource type="SphereShape3D" id="SphereShape3D_jqb1s"]
radius = 100.35

[sub_resource type="Shader" id="Shader_y2onu"]
code = "
// NOTE: Shader automatically converted from Godot Engine 4.2.stable's PanoramaSkyMaterial.

shader_type sky;

uniform sampler2D source_panorama : filter_linear, source_color, hint_default_black;

void sky() {
	     
	COLOR = texture(source_panorama, SKY_COORDS).rgb;
}"

[sub_resource type="ShaderMaterial" id="ShaderMaterial_pdpqf"]
shader = SubResource("Shader_y2onu")
shader_parameter/source_panorama = ExtResource("9_ynspi")

[sub_resource type="Sky" id="Sky_2iofh"]
sky_material = SubResource("ShaderMaterial_pdpqf")

[sub_resource type="Environment" id="Environment_63gv3"]
background_mode = 2
background_color = Color(0.564706, 0.929412, 0.941176, 1)
sky = SubResource("Sky_2iofh")
ambient_light_source = 3
ambient_light_color = Color(0.960784, 0.568627, 0.364706, 1)
ambient_light_sky_contribution = 0.64
reflected_light_source = 2
tonemap_white = 0.6
ssao_enabled = true
ssao_power = 1.21838
ssao_horizon = 1.0
glow_normalized = true
adjustment_enabled = true

[sub_resource type="CameraAttributesPractical" id="CameraAttributesPractical_e6hxx"]
auto_exposure_scale = 0.5
dof_blur_far_distance = 100.0
dof_blur_near_enabled = true
dof_blur_near_distance = 1.5
dof_blur_amount = 0.05

[node name="MainMenu3d" type="Node3D"]

[node name="DirectionalLight3D" type="DirectionalLight3D" parent="."]
transform = Transform3D(0.927315, -1.63604e-08, 0.374283, -0.374283, -4.05342e-08, 0.927315, 0, -1, -4.37114e-08, 0, 115.061, 0)
layers = 2
light_color = Color(1, 1, 0.964706, 1)
light_energy = 0.8
shadow_enabled = true
shadow_blur = 1.99
directional_shadow_pancake_size = 13.0

[node name="Planet" type="Node3D" parent="."]
transform = Transform3D(1, 0, 0, 0, -0.258819, 0.965926, 0, -0.965926, -0.258819, 0, 0, 0)
script = ExtResource("2_7d0fl")

[node name="Earth" parent="Planet" instance=ExtResource("2_0h8gc")]
transform = Transform3D(0.98972, -0.142992, -0.00270788, -0.0329795, -0.209763, -0.977196, 0.139163, 0.96724, -0.212322, 0, 0, 0)

[node name="WaterArea" type="Area3D" parent="Planet"]
unique_name_in_owner = true
transform = Transform3D(0.98972, -0.142992, -0.00270788, -0.0329795, -0.209763, -0.977196, 0.139163, 0.96724, -0.212322, 0, 0, 0)
collision_layer = 32
collision_mask = 2

[node name="CollisionShape3D" type="CollisionShape3D" parent="Planet/WaterArea"]
transform = Transform3D(-0.0148178, -0.999891, -4.65661e-10, 0.99989, -0.0148169, 0, -2.6077e-08, -9.31323e-10, 1, 0, 0, 0)
shape = SubResource("SphereShape3D_jqb1s")

[node name="WorldEnvironment" type="WorldEnvironment" parent="."]
environment = SubResource("Environment_63gv3")
camera_attributes = SubResource("CameraAttributesPractical_e6hxx")
script = ExtResource("10_50364")

[node name="Camera3D" type="Camera3D" parent="."]
transform = Transform3D(1, 0, 0, 0, 0.99566, 0.0930657, 0, -0.0930657, 0.99566, 0, 172.731, 205.529)
